0.431973 0.378880 0.950345 0.243601 0.593856 0.007488
0.248175 0.374151 0.933938 0.534800 0.130624 0.008641
0.247422 0.428548 0.886010 0.355047 0.033866 0.005760
0.182537 0.442819 0.869603 0.482312 0.014514 0.006336
0.297561 0.411873 0.930052 0.221312 0.220126 0.007488
0.358622 0.428797 0.893782 0.086138 0.353169 0.007488
0.233579 0.380574 0.933506 0.529767 0.081035 0.007488
0.309054 0.423176 0.920553 0.122088 0.229802 0.005760
0.087006 0.426919 0.883420 0.756255 0.143928 0.006912
0.044811 0.411637 0.901123 0.846132 0.186260 0.009217
0.272124 0.432236 0.923575 0.182485 0.118529 0.007488
0.204573 0.410196 0.923575 0.508197 0.049589 0.007488
0.259715 0.437099 0.882988 0.221312 0.082245 0.005760
0.259145 0.409083 0.933938 0.447081 0.174165 0.005760
0.433037 0.417787 0.943005 0.083980 0.544267 0.005760
0.355751 0.434842 0.924439 -0.003020 0.387034 0.005760
0.180483 0.423197 0.916667 0.458585 0.027818 0.006336
0.290856 0.431852 0.884283 0.229940 0.147557 0.006912
0.285894 0.378604 0.917530 0.498131 0.226173 0.006912
0.439854 0.380200 0.944732 0.238568 0.586599 0.005760
0.163387 0.440085 0.871762 0.538395 0.045960 0.007488
0.357221 0.446187 0.886874 0.057377 0.364054 0.005760
0.555417 0.408474 0.938256 0.073195 0.948234 0.005760
0.362711 0.427693 0.900259 0.039402 0.366473 0.009793
0.301383 0.425578 0.923575 0.145815 0.191098 0.007488
0.293733 0.433472 0.890760 0.214121 0.159652 0.006336
0.326482 0.428063 0.918394 0.126402 0.278181 0.008065
0.304054 0.425260 0.918826 0.135030 0.217707 0.006336
0.182807 0.433440 0.893782 0.600230 0.143928 0.007488
0.231582 0.428980 0.925302 0.410411 0.136671 0.006912
0.059068 0.414140 0.901554 0.837504 0.217707 0.008641
0.248175 0.374151 0.933938 0.534800 0.130624 0.008641
0.244200 0.377979 0.934801 0.536957 0.111272 0.007488
0.316606 0.417329 0.930052 0.155163 0.276971 0.006336
0.532165 0.416285 0.908463 0.142220 0.859942 0.006336
0.081954 0.424949 0.909326 0.751222 0.166909 0.006912
0.425512 0.380174 0.942142 0.255824 0.593856 0.007488
0.185855 0.442819 0.871330 0.480155 0.010885 0.006336
0.333093 0.434236 0.915371 0.096923 0.314465 0.005760
0.441840 0.373277 0.944301 0.311907 0.603532 0.006336
0.358622 0.424549 0.907599 0.134311 0.353169 0.007488
0.234454 0.414933 0.923575 0.419039 0.112482 0.007488
0.301267 0.433472 0.901554 0.182485 0.200774 0.006912
0.348324 0.428124 0.907168 0.123526 0.335027 0.005760
0.362711 0.426775 0.905872 0.053782 0.366473 0.009793
0.262993 0.384072 0.917962 0.498131 0.179003 0.006912
0.271751 0.437607 0.879965 0.210526 0.113691 0.006336
0.259145 0.411471 0.931779 0.444205 0.174165 0.005760
0.282052 0.425578 0.924007 0.202617 0.146347 0.007488
0.077990 0.423388 0.905440 0.763445 0.169328 0.006912
0.362711 0.427444 0.900259 0.065286 0.366473 0.008065
0.075811 0.423134 0.909326 0.793644 0.218916 0.007488
0.313230 0.417840 0.926598 0.296808 0.235849 0.006336
0.271751 0.437607 0.882988 0.208369 0.113691 0.006336
0.271347 0.431981 0.887737 0.252229 0.113691 0.006336
0.364650 0.410192 0.920984 0.163072 0.372521 0.007488
0.320922 0.418540 0.926166 0.184642 0.263667 0.005760
0.267614 0.372612 0.936097 0.547023 0.163280 0.008641
0.439854 0.378409 0.946028 0.252948 0.597484 0.005760
0.163387 0.438926 0.914076 0.549180 0.045960 0.007488
0.362711 0.427512 0.910190 0.019988 0.366473 0.009793
0.174832 0.442819 0.907168 0.588007 0.158442 0.006912
0.108066 0.421025 0.910622 0.736842 0.197146 0.009793
0.288080 0.383797 0.938256 0.425511 0.206821 0.007488
0.304054 0.422292 0.918826 0.170262 0.217707 0.005760
0.230914 0.442819 0.885147 0.383808 0.085873 0.006336
0.534744 0.408474 0.935665 0.117055 0.875665 0.008065
0.356532 0.434746 0.922280 0.032212 0.384615 0.005760
0.229734 0.381644 0.933938 0.534081 0.090711 0.007488
0.555417 0.408474 0.938256 0.073195 0.948234 0.005760
0.332646 0.428797 0.900691 0.117055 0.295114 0.007488
0.332646 0.428797 0.893782 0.122088 0.295114 0.005760
0.306701 0.430773 0.897668 0.303279 0.208031 0.006912
0.326482 0.428937 0.922712 0.087576 0.285438 0.008065
0.188740 0.441984 0.870898 0.476560 0.010885 0.006336
0.248175 0.374151 0.933938 0.534800 0.130624 0.008641
0.289829 0.426453 0.918826 0.197584 0.175375 0.005760
0.272124 0.432236 0.916667 0.193989 0.114901 0.007488
0.431973 0.388023 0.950345 0.183923 0.582970 0.007488
0.033921 0.414302 0.902418 0.890710 0.234640 0.008641
0.251974 0.378296 0.936960 0.527610 0.123367 0.008065
0.429728 0.385630 0.933074 0.306155 0.575714 0.006912
0.077990 0.423388 0.905440 0.763445 0.169328 0.006912
0.305591 0.403634 0.931779 0.241444 0.239478 0.006336
0.362711 0.422902 0.903282 0.101237 0.366473 0.008065
0.282628 0.433472 0.892919 0.247915 0.146347 0.006912
0.357221 0.446420 0.897237 0.024303 0.364054 0.005760
0.217660 0.429736 0.909326 0.472965 0.119739 0.007488
0.256521 0.424338 0.923575 0.286741 0.182632 0.006336
0.092705 0.426919 0.911485 0.710239 0.143928 0.008065
0.356532 0.434746 0.922280 0.032212 0.384615 0.005760
0.439854 0.380200 0.944732 0.238568 0.586599 0.005760
0.554858 0.410094 0.936529 0.075352 0.945815 0.005760
0.260162 0.436638 0.882988 0.221312 0.082245 0.006336
0.029689 0.419893 0.905440 0.897900 0.229802 0.008641
0.333093 0.430336 0.911917 0.105551 0.314465 0.005760
0.241971 0.374583 0.933938 0.558527 0.130624 0.008641
0.316250 0.421878 0.927461 0.232097 0.258829 0.006336
0.364650 0.421675 0.907599 0.122807 0.372521 0.007488
0.282052 0.425578 0.924007 0.202617 0.146347 0.007488
0.431973 0.409608 0.950345 0.257981 0.550314 0.007488
0.291655 0.389532 0.941710 0.454990 0.209240 0.008065
0.290263 0.433172 0.905440 0.337072 0.149976 0.008641
0.184482 0.442819 0.869171 0.486626 0.013304 0.006336
0.326115 0.418270 0.938687 0.272361 0.289066 0.007488
0.360443 0.431506 0.904577 0.189675 0.362845 0.006912
0.247885 0.378296 0.935665 0.532643 0.110063 0.007488
0.326169 0.422592 0.925734 0.185361 0.286647 0.006336
0.087006 0.426919 0.883420 0.756255 0.143928 0.006912
0.129776 0.417767 0.911917 0.703768 0.186260 0.008641
0.253058 0.432857 0.923575 0.243601 0.118529 0.007488
0.216798 0.409021 0.929620 0.503164 0.078616 0.007488
0.274789 0.432289 0.892919 0.262295 0.125786 0.006336
0.259145 0.409083 0.933938 0.447081 0.174165 0.005760
0.422971 0.417303 0.943005 0.099080 0.515239 0.005760
0.355751 0.434842 0.924439 -0.003020 0.387034 0.005760
0.180483 0.422514 0.916667 0.464337 0.021771 0.006336
0.288510 0.434297 0.881693 0.241444 0.135462 0.006912
0.285894 0.391938 0.917530 0.400345 0.231011 0.006912
0.408341 0.393124 0.944732 0.241444 0.586599 0.006912
0.163387 0.440085 0.871762 0.538395 0.045960 0.007488
0.357221 0.447088 0.882988 0.071038 0.364054 0.005760
0.515524 0.415078 0.936960 0.114179 0.813982 0.005760
0.362711 0.427693 0.900259 0.039402 0.366473 0.009793
0.324135 0.425578 0.926166 0.086138 0.255201 0.007488
0.321451 0.434244 0.906736 0.251510 0.251572 0.006336
0.309876 0.429730 0.918394 0.171700 0.255201 0.007488
0.303336 0.425260 0.914940 0.166667 0.208031 0.006336
0.235698 0.435483 0.906304 0.521858 0.140300 0.006336
0.231582 0.428658 0.925302 0.416163 0.134253 0.006912
0.059068 0.414140 0.901554 0.837504 0.217707 0.008641
0.278435 0.392787 0.934370 0.480874 0.212869 0.009217
0.245018 0.387648 0.933938 0.521139 0.106434 0.007488
0.316606 0.417329 0.930052 0.155163 0.276971 0.006336
0.491227 0.420271 0.910190 0.187518 0.723270 0.006912
0.167364 0.430519 0.921848 0.544147 0.008466 0.006912
0.424493 0.397723 0.943005 0.293932 0.596275 0.007488
0.205398 0.439089 0.884715 0.453552 0.065312 0.006912
0.333093 0.434236 0.915371 0.096923 0.314465 0.005760
0.441840 0.373277 0.944301 0.311907 0.603532 0.006336
0.341969 0.427816 0.907599 0.181766 0.328979 0.007488
0.263073 0.420391 0.929188 0.396750 0.177794 0.007488
0.310144 0.433472 0.908463 0.142939 0.234640 0.006912
0.333093 0.428124 0.907168 0.171700 0.314465 0.005760
0.373115 0.430195 0.919257 0.155881 0.397920 0.007488
0.248177 0.384072 0.916667 0.512511 0.123367 0.006912
0.271751 0.437607 0.879965 0.210526 0.113691 0.006336
0.286948 0.420887 0.929620 0.421915 0.227383 0.006912
0.282052 0.420119 0.928325 0.214840 0.153604 0.006912
0.139056 0.432190 0.909326 0.649123 0.165699 0.006912
0.335760 0.428512 0.917530 0.298965 0.301161 0.007488
0.045711 0.423134 0.893782 0.834628 0.228592 0.007488
0.300127 0.426605 0.926598 0.419039 0.216497 0.006336
0.247090 0.432289 0.922280 0.452114 0.110063 0.008065
0.270316 0.431981 0.912781 0.387403 0.113691 0.006912
0.353460 0.429094 0.920984 0.311188 0.355588 0.007488
0.289829 0.429090 0.918826 0.367271 0.175375 0.006912
0.236383 0.419466 0.933938 0.513949 0.130624 0.009217
0.410957 0.435135 0.946028 0.385246 0.597484 0.006336
0.149218 0.428291 0.914076 0.680040 0.169328 0.006912
0.336182 0.428512 0.917530 0.298246 0.316884 0.009793
0.082439 0.425373 0.907168 0.739718 0.158442 0.006912
0.074457 0.414542 0.905009 0.813057 0.208031 0.008641
0.215875 0.421228 0.930484 0.527610 0.071359 0.008641
0.289829 0.428443 0.918826 0.373742 0.175375 0.006912
0.174832 0.442819 0.909326 0.570751 0.124577 0.007488
0.348616 0.429601 0.933938 0.522577 0.423319 0.006912
0.333093 0.431219 0.920121 0.365833 0.314465 0.006912
0.226066 0.418617 0.933938 0.557089 0.099178 0.009217
0.359828 0.427361 0.936529 0.551337 0.439042 0.007488
0.328743 0.426512 0.916667 0.369428 0.289066 0.007488
0.319565 0.428607 0.916667 0.365114 0.262458 0.006336
0.270980 0.429339 0.910190 0.387403 0.146347 0.006912
0.321716 0.428937 0.922712 0.334915 0.285438 0.007488
0.176238 0.441984 0.905440 0.588726 0.157233 0.006912
0.236383 0.417854 0.933938 0.531205 0.130624 0.009217
0.279644 0.427797 0.918826 0.435577 0.142719 0.008065
0.248391 0.429057 0.915803 0.472246 0.105225 0.007488
0.409016 0.430693 0.943869 0.392436 0.582970 0.007488
0.025252 0.414302 0.902850 0.918752 0.234640 0.008641
0.215875 0.415751 0.930484 0.555651 0.082245 0.008065
0.405535 0.434799 0.933074 0.412568 0.575714 0.006912
0.073870 0.423388 0.901986 0.793644 0.212869 0.008065
0.287372 0.432006 0.920121 0.424791 0.175375 0.008065
0.335511 0.428512 0.917530 0.318378 0.295114 0.007488
0.249005 0.433472 0.922280 0.456428 0.094340 0.008641
0.338464 0.446420 0.911917 0.327006 0.318094 0.005760
0.107139 0.427133 0.909326 0.704487 0.159652 0.006912
0.175201 0.425003 0.917098 0.560685 0.068940 0.006336
0.087006 0.426919 0.899827 0.746908 0.201984 0.006912
0.333093 0.431219 0.920121 0.365833 0.314465 0.006912
0.408341 0.435135 0.944732 0.396750 0.586599 0.006336
0.359323 0.428000 0.936960 0.547742 0.437833 0.007488
0.247090 0.432289 0.922280 0.452833 0.122158 0.008065
0.019642 0.414507 0.898964 0.928099 0.231011 0.008641
0.301271 0.431524 0.911917 0.358642 0.203193 0.006336
0.236383 0.419125 0.933938 0.523296 0.130624 0.009217
0.313230 0.431028 0.924439 0.401064 0.235849 0.007488
0.339907 0.429094 0.914940 0.317659 0.309627 0.007488
0.253058 0.429363 0.923575 0.473684 0.118529 0.007488
